1 4.597170046234695 18.38868018493878 41.37453041611225 73.55472073975513 114.92925115586739 165.498121664449 225.26133226550007 294.2188829590205 372.37077374501024 459.71700462346956 556.2575755943981 661.992486657796 776.9217378136633 901.0453290620003 1034.3632604028064 1176.875531836082 1328.582143361827 1489.483094980041 1659.578386690725 1838.8680184938783 
2 1.1492925115586738 4.597170046234695 10.343632604028063 18.38868018493878 28.732312788966848 41.37453041611225 56.31533306637502 73.55472073975513 93.09269343625256 114.92925115586739 139.06439389859952 165.498121664449 194.23043445341582 225.26133226550007 258.5908151007016 294.2188829590205 332.1455358404568 372.37077374501024 414.89459667268125 459.71700462346956 
3 0.510796671803855 2.04318668721542 4.597170046234695 8.17274674886168 12.769916795096378 18.38868018493878 25.0290369183889 32.69098699544672 41.37453041611226 51.07966718038551 61.80639728826647 73.55472073975513 86.32463753485149 100.1161476735556 114.92925115586739 130.76394798178688 147.6202381513141 165.49812166444903 184.39759852119167 204.31866872154205 
4 0.28732312788966846 1.1492925115586738 2.5859081510070157 4.597170046234695 7.183078197241712 10.343632604028063 14.078833266593755 18.38868018493878 23.27317335906314 28.732312788966848 34.76609847464988 41.37453041611225 48.557608613353956 56.31533306637502 64.6477037751754 73.55472073975513 83.0363839601142 93.09269343625256 103.72364916817031 114.92925115586739 
5 0.1838868018493878 0.7355472073975512 1.6549812166444902 2.942188829590205 4.597170046234695 6.619924866577961 9.010453290620001 11.76875531836082 14.894830949800411 18.38868018493878 22.250303023775924 26.479699466311843 31.076869512546534 36.041813162480004 41.37453041611225 47.07502127344328 53.143285734473075 59.579323799201646 66.38313546762899 73.55472073975513 
6 0.12769916795096375 0.510796671803855 1.1492925115586738 2.04318668721542 3.1924791987740946 4.597170046234695 6.257259229597225 8.17274674886168 10.343632604028064 12.769916795096378 15.451599322066617 18.38868018493878 21.581159383712873 25.0290369183889 28.732312788966848 32.69098699544672 36.90505953782853 41.37453041611226 46.09939963029792 51.07966718038551 
7 0.09381979686193254 0.37527918744773014 0.8443781717573928 1.5011167497909206 2.3454949215483136 3.3775126870295713 4.597170046234695 6.004466999163682 7.599403545816535 9.381979686193255 11.352195420293839 13.510050748118285 15.855545669666597 18.38868018493878 21.10945429393482 24.01786799665473 27.113921293098507 30.39761418326614 33.86894666715765 37.52791874477302 
8 0.07183078197241712 0.28732312788966846 0.6464770377517539 1.1492925115586738 1.795769549310428 2.5859081510070157 3.5197083166484386 4.597170046234695 5.818293339765785 7.183078197241712 8.69152461866247 10.343632604028063 12.139402153338489 14.078833266593755 16.16192594379385 18.38868018493878 20.75909599002855 23.27317335906314 25.930912292042578 28.732312788966848 
9 0.0567551857559839 0.2270207430239356 0.5107966718038551 0.9080829720957424 1.4188796438995976 2.0431866872154205 2.781004102043211 3.6323318883829696 4.597170046234695 5.675518575598391 6.867377476474052 8.172746748861682 9.591626392761277 11.124016408172844 12.769916795096378 14.529327553531878 16.402248683479346 18.38868018493878 20.488622057910185 22.702074302393562 
10 0.04597170046234695 0.1838868018493878 0.41374530416112254 0.7355472073975512 1.1492925115586738 1.6549812166444902 2.2526133226550002 2.942188829590205 3.723707737450103 4.597170046234695 5.562575755943981 6.619924866577961 7.769217378136633 9.010453290620001 10.343632604028063 11.76875531836082 13.285821433618269 14.894830949800411 16.595783866907247 18.38868018493878 
11 0.03799314087797268 0.15197256351189073 0.34193826790175424 0.6078902540475629 0.9498285219493173 1.367753071607017 1.8616639030206619 2.4315610161902517 3.077444411115788 3.7993140877972693 4.597170046234695 5.471012286428068 6.420840808377384 7.4466556120826475 8.548456697543854 9.726244064761007 10.980017713734107 12.309777644463152 13.715523856948138 15.197256351189077 
12 0.03192479198774094 0.12769916795096375 0.28732312788966846 0.510796671803855 0.7981197996935236 1.1492925115586738 1.5643148073993063 2.04318668721542 2.585908151007016 3.1924791987740946 3.862899830516654 4.597170046234695 5.395289845928218 6.257259229597225 7.183078197241712 8.17274674886168 9.226264884457132 10.343632604028064 11.52484990757448 12.769916795096378 
13 0.027202189622690505 0.10880875849076202 0.2448197066042145 0.4352350339630481 0.6800547405672627 0.979278826416858 1.3329072915118345 1.7409401358521923 2.203377359437931 2.7202189622690507 3.2914649443455506 3.917115305667432 4.5971700462346945 5.331629166047338 6.120492665105362 6.963760543408769 7.861432800957555 8.813509437751724 9.819990453791272 10.880875849076203 
14 0.023454949215483134 0.09381979686193254 0.2110945429393482 0.37527918744773014 0.5863737303870784 0.8443781717573928 1.1492925115586738 1.5011167497909206 1.8998508864541337 2.3454949215483136 2.8380488550734597 3.3775126870295713 3.9638864174166493 4.597170046234695 5.277363573483705 6.004466999163682 6.778480323274627 7.599403545816535 8.467236666789413 9.381979686193255 
15 0.020431866872154203 0.08172746748861681 0.1838868018493878 0.32690986995446725 0.5107966718038551 0.7355472073975512 1.0011614767355559 1.307639479817869 1.6549812166444906 2.0431866872154205 2.4722558915306583 2.942188829590205 3.452985501394059 4.0046459069422236 4.597170046234695 5.230557919271476 5.904809526052565 6.619924866577962 7.375903940847667 8.172746748861682 
16 0.01795769549310428 0.07183078197241712 0.16161925943793848 0.28732312788966846 0.448942387327607 0.6464770377517539 0.8799270791621097 1.1492925115586738 1.4545733349414462 1.795769549310428 2.1728811546656175 2.5859081510070157 3.0348505383346223 3.5197083166484386 4.040481485948463 4.597170046234695 5.189773997507137 5.818293339765785 6.4827280730106445 7.183078197241712 
17 0.01590716278973943 0.06362865115895772 0.14316446510765485 0.25451460463583087 0.39767906974348577 0.5726578604306194 0.779450976697232 1.0180584185433235 1.2884801859688935 1.590716278973943 1.924766697558471 2.2906314417224776 2.688310511465963 3.117803906788928 3.579111627691371 4.072233674173294 4.597170046234695 5.153920743875574 5.742485767095933 6.362865115895772 
18 0.014188796438995975 0.0567551857559839 0.12769916795096378 0.2270207430239356 0.3547199109748994 0.5107966718038551 0.6952510255108028 0.9080829720957424 1.1492925115586738 1.4188796438995976 1.716844369118513 2.0431866872154205 2.3979065981903194 2.781004102043211 3.1924791987740946 3.6323318883829696 4.1005621708698365 4.597170046234695 5.122155514477546 5.675518575598391 
19 0.012734543064362037 0.05093817225744815 0.11461088757925832 0.2037526890297926 0.31836357660905096 0.45844355031703327 0.6239926101537397 0.8150107561191704 1.0314979882133248 1.2734543064362038 1.5408797107878065 1.833774201268133 2.1521377778771837 2.495970440614959 2.865272189481458 3.2600430244766816 3.680282945600629 4.125991952853299 4.597170046234695 5.093817225744815 
20 0.011492925115586737 0.04597170046234695 0.10343632604028064 0.1838868018493878 0.28732312788966846 0.41374530416112254 0.5631533306637501 0.7355472073975512 0.9309269343625257 1.1492925115586738 1.3906439389859953 1.6549812166444902 1.9423043445341583 2.2526133226550002 2.5859081510070157 2.942188829590205 3.321455358404567 3.723707737450103 4.148945966726812 4.597170046234695 
